1468752753
1468741408
1468719337
1468658738
1468601863
1468574860
1468572957
1468562172
1468498847
1468496835
1468480101
1468479871
1468434422
1468433735
1468432534
1468325371
1468325191
1468320901
1468302498
1468232575
1468205489
1468159675
1468159333
1468147731
1468147544
1468139655
1467992882
1467962314
1467951630
1467950572
1467950378
1467950142
1467948791
1467938973
1467911418
1467871846
1467768643
1467716984
1467716683
1467714779
1467714548
1467706556
1467706064
1467705895
1467701756
1467691435
1467690297
1467690043
1467620438
1467560385
1467542124
1467540408
1467459098
1467452850
1467443397
1467428938
1467424642
1467388592
1467371998
1467371225
1467299960
1467294917
1467280423
1467262582
1467262441
1467261843
1467224119
1467223719
1467140476
1467133178
1467132972
1467132917
1467129057
1467128687
1467128504
1467084107
1466936107
1466933317
1466919918
1466849892
1466761550
1466735877
1466700799
1466655410
1466649550
1466596699
1466590088
1466588016
1466551039
1466432300
1466417997
1466401352
1466384149
1466314158
1466305914
1466305060
1466012407
1465988415
1465964092
1465963044
1465956941
1465955895
1465954915
1465882568
1465879845
1465871684
1465838345
1465836114
1465819282
1465819280
1465802595
1465751154
1465705617
1465696714
1465654670
1465627601
1465625156
1465524677
1465520555
1465481881
1465481621
1465477049
1465469148
1465468160
1465395725
1465362012
1465319072
1465287056
1465216850
1465201017
1465200680
1465139190
1465092464
1465012345
1465012038
1465011561
1464935724
1464935711
1464926468
1464925550
1464803504
1464784122
1464763654
1464681765
1464675183
1464671031
1464612705
1464571686
1464538593
1464503450
1464502818
1464452121
1464451062
1464435063
1464366086
1464344129
1464343464
1464343321
1464285521
1464284290
1464242215
1464079145
1464079042
1464077186
1464067924
1464067800
1464067747
1464067227
1464066909
1464009167
1463990699
1463973816
1463970509
1463899862
1463896096
1463751351
1463730295
1463714789
1463677391
1463648144
1463627470
1463590121
1463445021
1463414141
1463394219
1463393001
1463312071
1463306841
1463187746
1463128260
1463072277
1463065578
1462988102
1462880927
1462852790
1462847856
1462816907
1462774670
1462774566
1462774239
1462770038
1462761755
1462674590
1462647109
1462635152
1462616210
1462508454
1462508219
1462461012
1462374547
1462361701
1462342059
1462259768
1462188629
1462169179
1462150153
1462099715
1462099678
1461947260
1461934947
1461901404
1461855532
1461852799
1461749056
1461726970
1461726395
1461606167
1461561927
1461514059
1461513386
1461497678
1461479183
1461478548
1461478531
1461478424
1461401983
1461386132
1461385740
1461379793
1461313225
1461225590
1461207997
1461207539
1461171545
1461170614
1461170256
1461166264
1461165870
1461159338
1461132875
1461119758
1461119690
1461119171
1461118967
1461056268
1461056016
1460889436
1460888923
1460887024
1460872620
1460808251
1460768879
1460718947
1460718446
1460678605
1460678322
1460643459
1460643258
1460642604
1460638313
1460617840
1460617209
1460548851
1460518484
1460474394
1460339975
1460338856
1460308839
1460308599
1460289753
1460288836
1460192646
1460192494
1460182155
1460131000
1460129665
1460079921
1460031940
1460027674
1460027157
1459954002
1459934562
1459933292
1459865316
1459846145
1459805443
1459805222
1459805208
1459671928
1459669956
1459646583
1459608238
1459586504
1459586195
1459522478
1459437847
1459437695
1459437289
1459400128
1459391272
1459342408
1459340496
1459340429
1459251967
1459251540
1459251382
1459248995
1459248788
1459248485
1459248143
1459247908
1459222469
1459222442
1459188049
1459187279
1459185578
1459180408
1459179978
1459144272
1459144175
1459142477
1459083004
1459011491
1459011005
1458977527
1458977336
1458977211
1458976972
1458976872
1458967700
1458963238
1458962918
1458962621
1458962585
1458923723
1458923502
1458908717
1458908049
1458907001
1458835650
1458833133
1458829254
1458749975
1458656797
1458656500
1458638837
1458638617
1458619715
1458540840
1458491801
1458491544
1458491413
1458491120
1458490798
1458488784
1458488369
1458472805
1458472278
1458471641
1458451350
1458451132
1458450278
1458450110
1458449982
1458394470
1458315111
1458314765
1458237204
1458235278
1458142816
1458125718
1458029051
1458028891
1458028743
1458028620
1458027682
1457971325
1457961942
1457961466
1457924511
1457886231
1457886093
1457880348
1457844174
1457807978
1457770305
1457766928
1457766050
1457703276
1457686191
1457685722
1457685630
1457622136
1457598428
1457592679
1457584330
1457544987
1457544667
1457534657
1457509155
1457452246
1457452028
1457451846
1457440872
1457413649
1457400973
1457399265
1457350609
1457336996
1457261840
1457187787
1457187140
1457160246
1457159816
1457159536
1457151535
1457151295
1457150602
1457148786
1457145685
1457110615
1457110341
1457104714
1457068419
1456969316
1456808339
1456678796
1456669140
1456644916
1456580095
1456578725
1456578357
1456529931
1456496396
1456479288
1456387779
1456387631
1456387446
1456386742
1456331736
1456330520
1456330038
1456329520
1456300549
1456161653
1456006393
1456004986
1455982207
1455982161
1455899451
1455898509
1455898199
1455870546
1455715463
1455544124
1455502347
1455388493
1455384716
1455351584
1455294388
1455293231
1455292804
1455292605
1455285993
1455284147
1455254995
1455254856
1455253581
1455247612
1455210844
1455202788
1455202318
1455201813
1455099288
1455074568
1455074312
1455074132
1455073632
1455006202
1455006000
1455005783
1455005699
1455004725
1454950162
1454944616
1454908592
1454908405
1454838716
1454837876
1454776327
1454747424
1454737586
1454736854
1454664266
1454643583
1454598574
1454597340
1454433371
1454433199
1454433070
1454334805
1454311494
1454147772
1454100173
1454002831
1453869224
1453866038
1453819183
1453818979
1453818808
1453817915
1453807993
1453778563
1453777022
1453775067
1453774951
1453772750
1453725951
1453691454
1453644123
1453622024
1453563039
1453467251
1453436855
1453436371
1453382089
1453362268
1453112983
1453112866
1453032757
1452959395
1452956070
1452948502
1452935031
1452933447
1452856369
1452854933
1452835991
1452830892
1452829909
1452759673
1452758586
1452757265
1452740961
1452739679
1452739182
1452738842
1452687768
1452624221
1452481875
1452325117
1452325044
1452241746
1452231522
1452215784
1452172758
1452171700
1452169756
1452137028
1452064686
1452048707
1452009566
1451993176
1451907030
1451847720
1451847175
1451815308
1451815125
1451801268
1451735871
1451735384
1451734952
1451734280
1451669574
1451660256
1451652870
1451624382
1451562658
1451535912
1451478831
1451447770
1451395723
1451317198
1451304016
1451195636
1451192116
1451059189
1451056092
1450812296
1450811120
1450782773
1450782493
1450695265
1450665783
1450665183
1450607693
1450492365
1450411261
1450321596
1450264204
1450173631
1450095398
1450095216
1450073857
1450073713
1450073631
1450058303
1449998179
1449992616
1449979466
1449979349
1449737116
1449657561
1449638699
1449638316
1449624549
1449551962
1449537681
1449492777
1449475665
1449456946
1449366108
1449142784
1449040577
1449040502
1448981492
1448954731
1448941967
1448716803
1448698567
1448698351
1448690528
1448627680
1448604228
1448447551
1448419041
1448418358
1448417763
1448292287
1448291732
1448290927
1448247794
1448199419
1448196739
1448036032
1448035985
1447994953
1447994356
1447941763
1447899448
1447898017
1447844480
1447844332
1447678532
1447672971
1447598191
1447588460
1447427229
1447426983
1447419330
1447419004
1447315077
1447313137
1447312626
1447312596
1447300500
1447245766
1447245134
1447244503
1447214350
1447174255
1447163211
1447163102
1447135487
1447131576
1447131505
1447131210
1446997777
1446996205
1446967027
1446866360
1446866284
1446744169
1446642271
1446642181
1446641847
1446604355
1446562625
1446466116
1446442719
1446427297
1446303757
1446303715
1446116179
1446089285
1446054580
1446051442
1446051244
1446039257
1446039151
1446026191
1446025961
1445998267
1445998223
1445904971
1445787442
1445778077
1445777748
1445752125
1445588835
1445577361
1445576275
1445575844
1445485120
1445484683
1445484413
1445442009
1445436072
1445426921
1445426043
1445271329
1445271192
1445271107
1445271046
1445140855
1445093420
1444874966
1444626964
1444619819
1444578801
1444546033
1444545519
1444527989
1444527651
1444473249
1444470084
1444359256
1444318073
1444317709
1444297226
1444297163
1444283059
1444282511
1444229246
1444226829
1444045076
1444044639
1443695186
1443683243
1443673715
1443673482
1443659874
1443632443
1443632131
1443630667
1443614152
1443614133
1443599327
1443538524
1443537710
1443537536
1443537377
1443536944
1443536699
1443536634
1443492936
1443492587
1443491717
1443491662
1443407067
1443364898
1443336345
1443273172
1443179173
1443178520
1443127696
1443063501
1443011584
1443010991
1442837142
1442836884
1442836827
1442807192
1442806971
1442805162
1442762931
1442762404
1442728088
1442727831
1442669728
1442669688
1442669541
1442664092
1442624655
1442624352
1442583304
1442583082
1442482431
1442481128
1442479798
1442449549
1442325410
1442213796
1442212474
1441976331
1441881078
1441853285
1441802856
1441772549
1441764713
1441764620
1441734125
1441700456
1441630696
1441630497
1441626631
1441550082
1441526261
1441520045
1441519441
1441519272
1441519155
1441518915
1441382353
1441349000
1441293322
1441291186
1441285589
1441170845
1441121180
1441104865
1441076636
1441076088
1441005330
1440946836
1440945302
1440936930
1440910142
1440905084
1440904953
1440867532
1440867372
1440862441
1440848650
1440848346
1440848055
1440847753
1440846827
1440846224
1440662341
1440648837
1440645990
1440645254
1440599321
1440467701
1440435690
1440435551
1440433731
1440433550
1440074375
1440060768
1440060375
1440055284
1440054776
1440054093
1440054038
1440036080
1439972193
1439971909
1439971387
1439954652
1439954186
1439885102
1439884811
1439877349
1439861732
1439861537
1439861325
1439809668
1439803241
1439802928
1439802430
1439789314
1439789137
1439780653
1439780413
1439779784
1439776877
1439776592
1439776132
1439739342
1439738512
1439732733
1439718797
1439718676
1439718089
1439717991
1439717799
1439599111
1439545320
1439544170
1439532868
1439531984
1439531721
1439531505
1439531453
1439531172
1439472381
1439471691
1439471499
1439466505
1439448302
1439447225
1439446741
1439436973
1439395819
1439394890
1439377974
1439360122
1439358976
1439346190
1439308293
1439307522
1439307021
1439306348
1439293653
1439275935
1439270187
1439259928
1439259596
1439259542
1439259465
1439258933
1439258455
1439174913
1439174588
1439088569
1439088449
1439087956
1439086977
1439051759
1439051353
1439051096
1439044963
1439044870
1439044213
1439044133
1439039286
1439035555
1439010667
1438951163
1438937598
1438937398
1438930303
1438927625
1438905421
1438904737
1438874784
1438874616
1438862250
1438861802
1438857981
1438846230
1438845806
1438844970
1438843406
1438842918
1438842856
1438828082
1438827450
1438790478
1438786633
1438786131
1438776303
1438755355
1438616380
1438616230
1438564136
1438563758
1438487895
1438487810
1438451996
1438320765
1438320368
1438241385
1438220996
1438149571
1438134325
1438075548
1438075405
1438074673
1438074630
1438074172
1438073951
1438073783
1438073656
1438073591
1438068644
1438068326
1438065845
1438053983
1438053517
1438052942
1438051919
1438051848
1437982889
1437965148
1437964554
1437963115
1437960964
1437960257
1437959754
1437959354
1437898860
1437728949
1437728879
1437728727
1437725865
1437721373
1437721168
1437721123
1437721003
1437720786
1437706345
1437705296
1437704410
1437703877
1437623038
1437617336
1437614693
1437555277
1437554266
1437552118
1437535976
1437535671
1437531792
1437531656
1437530928
1437461828
1437459171
1437459077
1437355427
1437212728
1437212539
1437152518
1437151801
1437151511
1437151240
1437095397
1437094990
1437094572
1437094466
1437057560
1437056306
1437056212
1437017684
1437017632
1437017550
1436948249
1436940264
1436927890
1436926504
1436921426
1436870626
1436789413
1436788947
1436787840
1436787742
1436767971
1436767397
1436698210
1436697569
1436697361
1436679612
1436664268
1436663930
1436621123
1436604731
1436602121
1436601459
1436516956
1436516330
1436499248
1436429823
1436424805
1436397686
1436364813
1436364472
1436363821
1436345485
1436345231
1436325735
1436325450
1436284960
1436283406
1436271132
1436271035
1436169258
1436117506
1436111498
1436054924
1436017164
1436015937
1436011049
1436010627
1435922809
1435911809
1435910926
1435827488
1435823497
1435809126
1435664858
1435633743
1435559738
1435363582
1435363411
1435242640
1435216977
1435202938
1435160112
1435123654
1435110810
1435110624
1435070789
1435064543
1435064232
1434967339
1434867882
1434850609
1434776059
1434676726
1434628469
1434612674
1434442798
1434415417
1434293319
1434252549
1434108489
1434020913
1433946546
1433850737
1433850221
1433816232
1433766383
1433766070
1433742212
1433670722
1433645250
1433645084
1433602938
1433567198
1433527978
1433517222
1433417102
1433316990
1433315672
1433225114
1433157342
1432793874
1432791738
1432782373
1432653491
1432446089
1432222127
1432220573
1432126896
1432022748
1432022184
1431974892
1431866115
1431827741
1431827352
1431708642
1431708358
1431690556
1431607931
1431598809
1431524255
1431441486
1431425368
1431347135
1431237576
1431223188
1431185536
1431185514
1431155704
1431155227
1431093421
1431093253
1431063315
1431026033
1431011297
1431006295
1430998624
1430998284
1430905173
1430904387
1430903751
1430903290
1430828626
1430751705
1430751521
1430751010
1430748983
1430372204
1430322690
1430315396
1430314801
1430281130
1430225352
1430219834
1430218973
1430032613
1430029200
1430013441
1430012976
1429980813
1429979567
1429976898
1429976230
1429965591
1429958748
1429958445
1429947392
1429931135
1429865843
1429865615
1429861960
1429861530
1429861233
1429860961
1429777255
1429775513
1429754504
1429718145
1429670844
1429670467
1429624063
1429619687
1429603492
1429547817
1429545908
1429545702
1429519386
1429504620
1429504167
1429436426
1429410364
1429373234
1429372832
1429318093
1429270890
1429270367
1429245951
1429240712
1429160891
1429157892
1429157704
1429148745
1429147137
1428987853
1428931952
1428931422
1428931104
1428926512
1428902527
1428902371
1428834905
1428834849
1428834697
1428764121
1428723929
1428675531
1428656731
1428598769
1428598511
1428598392
1428598297
1428597629
1428597434
1428571962
1428569676
1428541002
1428540816
1428471480
1428471384
1428332161
1428304007
1428302349
1428217519
1428213125
1428212688
1428199394
1428117962
1427991471
1427983204
1427793178
1427792867
1427699189
1427698851
1427698705
1427698496
1427651457
1427608442
1427512797
1427448756
1427448298
1427375670
1427284702
1427265971
1427264821
1427263482
1427250779
1427250233
1427167633
1427135535
1427135358
1427135236
1427135092
1427133904
1427090209
1427090012
1427089994
1427089869
1427089663
1427032533
1427031886
1427031674
1426690531
1426689918
1426580775
1426580685
1426580268
1426563791
1426562181
1426561631
1426516326
1426515981
1426406776
1426406087
1426405665
1426347187
1426050358
1425919479
1425918810
1425777367
1425776116
1425775812
1425638313
1425636209
1425555262
1425526743
1425522980
1425392640
1425391923
1425387509
1425387054
1425386725
1425318741
1425307095
1425306873
1425306161
1425226737
1425149859
1425106908
1425106580
1425054724
1425054591
1424952194
1424951880
1424889888
1424888810
1424794342
1424793028
1424792627
1424753867
1424716247
1424672639
1424510332
1424368880
1424343018
1424318733
1424192306
1424191260
1424152140
1424150278
1424138285
1424059996
1424011589
1423979635
1423934844
1423934584
1423888900
1423886474
1423803673
1423802711
1423802229
1423801193
1423800734
1423800273
1423755079
1423652432
1423646489
1423646214
1423644929
1423576591
1423386647
1423385834
1422976481
1422975844
1422946780
1422946707
1422946643
1422942028
1422941584
1422901903
1422899747
1422888989
1422802297
1422762743
1422693384
1422640481
1422640047
1422506897
1422377546
1422332016
1421976405
1421976342
1421976123
1421926234
1421925242
1421731681
1421679402
1421635672
1421489586
1421488769
1421484928
1421227297
1421220247
1421219840
1421219675
1421219536
1421155864
1420969086
1420818173
1420714204
1420692360
1420467652
1420344806
1420298782
1420295791
1420246425
1420245778
1420244848
1420037001
1419934395
1419510706
1419510411
1419255945
1419254022
1418655139
1418205470
1418205405
1418204679
1418054396
1418016244
1418016068
1418015508
1417880603
1417880375
1417514056
1417512239
1415699036
1415379523
1414736966
1414415327
1414409921
1414150570
1413563154
1413423522
1413340124
1413294963
1413087106
1413086871
1413086462
1413012762
1413008619
1412758130
1412667709
1412597081
1412596273
1412582717
1412582530
1412581269
1412360291
1411887998
1411606650
1411606291
1410656267
1410540815
1410006193
1409805990
1409711483
1409633789
1409202892
1409122607
1408941537
1408637176
1408550412
1408418583
1408416219
1408147344
1408069698
1407573843
1407075773
1406972957
1406368188
1406367840
1406085621
1405953422
1405161161
1405160605
1404210573
1401240416
1400467573
1399291443
1398407663
1398230266
1398144337
1398136566
1398132910
1398054389
1398044304
1397912863
1397636605
1397611943
1397553988
1397553020
1396248294
1395977838
1395977608
1395970747
1395970219
1395970072
1395969830
1395903359
1395624227
1395548962
1395548476
1395546881
1395546144
1395191057
1395128333
1395124111
1395120878
1395111600
1394947171
1394946799
1394933226
1394870798
1394870512
1394869593
1394845398
1394801312
1394609384
1394600992
1394596067
1394595943
1394509862
1394501764
1394290643
1394290140
1394289829
1394106329
1394088977
1393548780
1393548455
1393548110
1392543737
1392542742
1392106000
1392087287
1392050105
1391664811
1391662906
1391656652
1391356575
1391170013
1390735398
1390734033  
1390732756
1390321187
1389409334
1389355581
1389321316
1386672022